1.100000000000000000e+01 1.100000000000000000e+01 6.960398000000000707e+01 -1.233483000000000018e+01 1.450269973099999887e-01 5.395399239830000148e-05 0.000000000000000000e+00
3.800000000000000000e+01 3.800000000000000000e+01 6.959690000000000509e+01 -1.232047000000000025e+01 5.029386029450000350e-01 2.223037912449999970e-04 1.000000000000000000e+00
4.200000000000000000e+01 4.200000000000000000e+01 6.957135999999999854e+01 -1.231794999999999973e+01 0.000000000000000000e+00 1.000000000000000021e-03 0.000000000000000000e+00
5.500000000000000000e+01 5.500000000000000000e+01 6.959832000000000107e+01 -1.231156999999999968e+01 0.000000000000000000e+00 1.000000000000000021e-03 0.000000000000000000e+00
5.700000000000000000e+01 5.700000000000000000e+01 6.959784290000000340e+01 -1.231144199999999955e+01 0.000000000000000000e+00 1.000000000000000021e-03 0.000000000000000000e+00
7.200000000000000000e+01 7.200000000000000000e+01 6.961110999999999649e+01 -1.230369999999999919e+01 0.000000000000000000e+00 1.000000000000000021e-03 0.000000000000000000e+00
8.000000000000000000e+01 8.000000000000000000e+01 6.955022999999999911e+01 -1.230339000000000027e+01 0.000000000000000000e+00 1.000000000000000021e-03 0.000000000000000000e+00
8.300000000000000000e+01 8.300000000000000000e+01 6.958751999999999782e+01 -1.230231999999999992e+01 0.000000000000000000e+00 1.000000000000000021e-03 0.000000000000000000e+00
8.500000000000000000e+01 8.500000000000000000e+01 6.956566999999999723e+01 -1.230147000000000013e+01 0.000000000000000000e+00 1.000000000000000021e-03 0.000000000000000000e+00
1.110000000000000000e+02 1.110000000000000000e+02 6.959927000000000419e+01 -1.229414000000000051e+01 0.000000000000000000e+00 1.000000000000000021e-03 0.000000000000000000e+00
1.140000000000000000e+02 1.140000000000000000e+02 6.952128999999999337e+01 -1.228930000000000078e+01 0.000000000000000000e+00 1.000000000000000021e-03 0.000000000000000000e+00
1.190000000000000000e+02 1.190000000000000000e+02 6.956510000000000105e+01 -1.228923999999999950e+01 0.000000000000000000e+00 1.000000000000000021e-03 0.000000000000000000e+00
1.250000000000000000e+02 1.250000000000000000e+02 6.953807999999999367e+01 -1.228883000000000081e+01 0.000000000000000000e+00 1.000000000000000021e-03 0.000000000000000000e+00
1.260000000000000000e+02 1.260000000000000000e+02 6.954176999999999964e+01 -1.228781999999999996e+01 0.000000000000000000e+00 1.000000000000000021e-03 0.000000000000000000e+00
1.280000000000000000e+02 1.280000000000000000e+02 6.960645999999999844e+01 -1.228668000000000049e+01 3.698642078580000048e-01 8.033557668749999531e-05 0.000000000000000000e+00
1.640000000000000000e+02 1.640000000000000000e+02 6.952007000000000403e+01 -1.224671000000000021e+01 5.813698622130000215e-01 2.164964403469999885e-04 2.000000000000000000e+00
1.820000000000000000e+02 1.820000000000000000e+02 6.953533000000000186e+01 -1.225024999999999942e+01 0.000000000000000000e+00 1.000000000000000021e-03 0.000000000000000000e+00
1.850000000000000000e+02 1.850000000000000000e+02 6.952459000000000344e+01 -1.224947000000000052e+01 5.851157870019999541e-01 1.041620600080000032e-04 0.000000000000000000e+00
1.900000000000000000e+02 1.900000000000000000e+02 6.955227999999999611e+01 -1.225291999999999959e+01 0.000000000000000000e+00 1.000000000000000021e-03 0.000000000000000000e+00
